# As_1e9 ns H0 omegab omegam roman_DZ_S1 roman_DZ_S2 roman_DZ_S3 roman_DZ_S4 roman_DZ_S5 roman_DZ_S6 roman_DZ_S7 roman_DZ_S8 roman_M1 roman_M2 roman_M3 roman_M4 roman_M5 roman_M6 roman_M7 roman_M8 roman_A1_1 roman_A1_2 roman_B1_1 roman_B1_2 roman_B1_3 roman_B1_4 roman_B1_5 roman_B1_6 roman_B1_7 roman_B1_8
1.174199899441600095e-02 8.644826378010894707e-04 -2.606201927870497870e-01 -2.328822341975682775e-04 -7.174986003959063286e-06 -1.697176130437085993e-05 -5.586010775899000307e-06 6.747981766088896424e-08 6.026531664548517262e-07 -5.291215023603181711e-06 -5.346572825662376140e-06 -5.171751033651807007e-06 1.926779864078163071e-05 2.230200528747987752e-06 -7.463421745830302334e-06 -1.187174058307123264e-05 -6.322295199802747168e-06 -5.795144245499530154e-06 -4.836648165995339637e-06 -1.369525903550717763e-06 4.525241978086605641e-06 6.226124266255829323e-05 4.334834606746607684e-04 -1.785455102438585095e-04 -3.839039707250258070e-05 2.698924689099600183e-05 8.002015552413952923e-05 6.644782918840739887e-05 8.441360389401871445e-05 4.892917553136778695e-05 -1.197001644354076688e-04
8.644826378010894707e-04 1.010136904043864420e-04 -1.757671900873447948e-02 -1.279765115735976374e-05 -4.209371143373173834e-06 -5.177834415701799631e-06 -2.440994456147264103e-06 -6.586644258265550333e-07 -1.215986190504243182e-07 1.226892455178751859e-07 3.234544286658016950e-07 5.822100662179554455e-07 2.236314867894731402e-06 1.912614326123259872e-08 -1.499878051040867995e-06 -1.785356129486389275e-06 -2.876195463941561129e-07 7.403053939911937266e-07 1.791808992236446863e-06 3.094799442052972050e-06 5.014192918246939041e-06 3.144252677765850979e-05 4.907296321158917044e-05 -2.175387253350945346e-05 8.126161294789312526e-06 2.024445837195270345e-05 2.731260453276698744e-05 3.032863129176071324e-05 3.637077568896899540e-05 3.878933125823678750e-05 4.468200197587331911e-05
-2.606201927870497870e-01 -1.757671900873447948e-02 7.129034449575741839e+00 6.215360913103783191e-03 -2.982065413676852645e-03 7.332532030000413724e-05 1.669426224993234660e-04 2.731766570000569803e-04 3.439876372006057817e-04 5.339914563606580752e-04 4.538823826811934446e-04 2.718606048572230803e-04 -4.561679881082843203e-04 -9.301409230041801483e-05 6.220935187625161001e-06 8.718375298484707704e-05 8.795649532493939949e-05 1.527572982037504312e-04 1.844956601537626160e-04 1.589118561652311289e-04 3.489772514999684863e-06 4.544409535751145826e-03 -8.185746510752120106e-03 -4.394499732797997257e-03 -6.008497931804242069e-03 -7.219417708476085632e-03 -8.012087930328546173e-03 -7.420141739411843275e-03 -8.110482480560796473e-03 -8.242432316447063922e-03 -7.246693198654919135e-03
-2.328822341975682775e-04 -1.279765115735976374e-05 6.215360913103783191e-03 8.978489822869437201e-06 3.211270457025252115e-06 1.308884199012182124e-07 -1.483288700119671818e-07 -2.823019832130578237e-07 -4.466275533877452538e-07 -2.324978778503449774e-07 -1.120279367059515715e-07 -8.083660916760817532e-08 -2.077415131661098730e-07 -8.311550659318942445e-08 1.004060738470672051e-07 6.259785746765787498e-08 -1.215938815149745536e-07 -1.300080252155392793e-07 -2.275248013692695061e-07 -2.271083381898587622e-07 -2.065726649362858991e-07 -4.595306149543785874e-06 -2.071566137373257856e-05 8.807938264720186248e-06 8.086483249683853856e-06 7.498106420588478088e-06 6.737571629807715351e-06 7.708536203699327456e-06 7.496450288535833269e-06 9.008564551429065677e-06 1.556195622710998465e-05
-7.174986003959063286e-06 -4.209371143373173834e-06 -2.982065413676852645e-03 3.211270457025252115e-06 1.701568965023382422e-05 1.440893867672099817e-06 -1.089497186884502368e-07 -1.157768827606119681e-06 -1.885463545095207554e-06 -2.077984478405403595e-06 -1.683430570547859412e-06 -1.118804465976790967e-06 1.308010146766200617e-07 1.384416810929249645e-07 5.680709381377346960e-07 2.972499882027422603e-07 -4.520984937449798414e-07 -9.825698626744525970e-07 -1.552634146610712613e-06 -1.876582266535424561e-06 -1.931757018113890373e-06 -3.168391235220114737e-05 -3.055537854330167959e-05 3.875116147315094676e-05 3.378112283123708488e-05 3.303925032730668744e-05 3.173146374170889781e-05 3.118796270429772746e-05 3.160675045499823551e-05 3.534035840856084292e-05 4.748491678468403829e-05
-1.697176130437085993e-05 -5.177834415701799631e-06 7.332532030000413724e-05 1.308884199012182124e-07 1.440893867672099817e-06 4.012372441968994034e-06 1.333541940959113100e-06 8.733964003890922502e-07 6.091854176631822912e-07 2.227312617266414859e-07 1.256851148257519261e-07 -7.860708692588517794e-09 -5.770255733593310642e-08 -2.884809636171648539e-08 1.192470552528395803e-06 6.289249456208946198e-07 1.560042143105732665e-07 -3.900183587490190397e-08 -3.341878717794581507e-07 -6.782242792712056611e-07 -9.621318858472893952e-07 -6.998698063397622541e-06 -2.467699025064742054e-05 7.827499937583383039e-06 -1.114029422029298074e-06 -1.692805426864223593e-06 -1.955981184974918752e-06 -2.385462698236082767e-06 -2.781088910155089344e-06 -3.316918277852460815e-06 -4.482805034167944541e-06
-5.586010775898999460e-06 -2.440994456147264103e-06 1.669426224993234660e-04 -1.483288700119671818e-07 -1.089497186884502368e-07 1.333541940959113100e-06 3.456092085916107868e-06 1.176802942879075549e-06 8.336815200859139624e-07 5.172227796550208924e-07 3.461402565938627701e-07 1.847110688586447902e-07 -9.364825485084212136e-08 2.734858344379371281e-07 -4.656314770600320097e-07 1.026756891367944192e-06 6.323457672195041067e-07 2.114043237694652024e-07 -1.683098421196067289e-07 -4.926322863445854625e-07 -7.874387442846593042e-07 -2.429294387978505850e-06 1.207920754954943520e-05 2.064693563668938290e-06 1.536798230290727100e-06 -3.030455279187303251e-06 -3.546046397589776837e-06 -4.087326279664651462e-06 -4.244898852699414029e-06 -4.827436448473445479e-06 -6.719528445645343764e-06
6.747981766088896424e-08 -6.586644258265550333e-07 2.731766570000569803e-04 -2.823019832130578237e-07 -1.157768827606119681e-06 8.733964003890922502e-07 1.176802942879075549e-06 3.339709765116586178e-06 1.253273860906232475e-06 7.444060881730291148e-07 5.201112066154567837e-07 2.364845934336524891e-07 -5.098488937644000762e-08 2.825527305203994559e-08 3.104016482624153295e-07 -9.414131375684113139e-07 6.840963114374855325e-07 6.029331074061725286e-07 1.624522477687498450e-07 -1.506730199451113204e-07 -5.360229229859999948e-07 1.487221940988745472e-06 7.184008324007172120e-06 -1.166519224369732459e-06 -2.656596514750158596e-06 -1.071248537673108496e-06 -3.974289166996945166e-06 -5.056883181792404087e-06 -4.819280893580060659e-06 -5.609943262137624094e-06 -7.582273882258999104e-06
6.026531664548517262e-07 -1.215986190504243182e-07 3.439876372006057817e-04 -4.466275533877452538e-07 -1.885463545095207554e-06 6.091854176631822912e-07 8.336815200859139624e-07 1.253273860906232475e-06 3.846984764800294488e-06 1.258255501216378726e-06 7.244236608498396569e-07 4.741377514047062843e-07 -1.104453778690270826e-07 2.333789854998377421e-08 1.754018033503414806e-07 1.107659424571276298e-07 -1.282108184953030453e-06 6.834681629106625070e-07 5.822428790941218964e-07 2.158660162416963655e-07 -1.386093192946529174e-07 4.774686690632645519e-06 1.814636572982639679e-05 -3.014183177913698826e-06 -2.787927164410755380e-06 -4.543947433016857048e-06 -1.975605661270269873e-06 -4.495367828589639072e-06 -4.976716038408484265e-06 -5.640844115332468369e-06 -7.910893340935821395e-06
-5.291215023603181711e-06 1.226892455178751859e-07 5.339914563606580752e-04 -2.324978778503450303e-07 -2.077984478405403595e-06 2.227312617266414594e-07 5.172227796550208924e-07 7.444060881730291148e-07 1.258255501216378726e-06 4.473665604766065278e-06 1.175553053487539325e-06 5.211133683510899427e-07 -7.772571466420322697e-08 -1.590273836582350388e-08 7.146546441892936740e-08 7.132444073072883048e-08 7.148002102238714257e-10 -1.460834328713052520e-06 6.725549156273217714e-07 6.036484267770860684e-07 1.750000150095768922e-07 5.475337720880360669e-06 2.298595892205413524e-05 -3.682615161899267722e-06 -2.921038360461894997e-06 -2.938711266562990528e-06 -3.497331564648547822e-06 -1.558494068954521495e-06 -3.982222469702160504e-06 -4.630346824437659357e-06 -6.394258588844018401e-06
-5.346572825662376140e-06 3.234544286658016950e-07 4.538823826811934446e-04 -1.120279367059515715e-07 -1.683430570547859412e-06 1.256851148257519261e-07 3.461402565938627701e-07 5.201112066154567837e-07 7.244236608498396569e-07 1.175553053487539325e-06 5.200764863920109394e-06 9.470030593212317150e-07 1.205755873861046608e-07 4.335412234815252263e-08 2.094840569583512774e-08 7.224253538552331481e-08 1.172340724138849539e-07 3.619920906674675463e-08 -1.485703553668563205e-06 7.611362428873242645e-07 5.137380078714597527e-07 6.040350853038593499e-06 2.797545117978490065e-05 -2.555570779742263575e-06 -1.887889162572404567e-06 -1.800519623368346770e-06 -1.234772452473219135e-06 -2.415231030536315732e-06 -7.818021391377164428e-07 -2.493493501554684572e-06 -3.692075166560990449e-06
-5.171751033651807007e-06 5.822100662179554455e-07 2.718606048572230803e-04 -8.083660916760817532e-08 -1.118804465976790967e-06 -7.860708692588517794e-09 1.847110688586447902e-07 2.364845934336524891e-07 4.741377514047062843e-07 5.211133683510899427e-07 9.470030593212317150e-07 6.178314706244594717e-06 8.591056936325475439e-07 2.691809575337242179e-08 -1.632413814675305933e-08 7.572473983323651859e-08 8.947536117464855683e-08 2.882574000215738300e-07 1.649575887810398442e-07 -1.240534953099718514e-06 9.405030966896129777e-07 4.355243263715506683e-06 1.693408455952110546e-05 -9.879982455730607683e-07 -5.476047641291072796e-07 -4.502856226327420205e-07 1.607858808085353621e-07 2.681989374271776558e-07 -1.595840666674945560e-07 1.274556327887137115e-06 -2.403960001637331139e-07
1.926779864078162732e-05 2.236314867894731402e-06 -4.561679881082843203e-04 -2.077415131661098730e-07 1.308010146766201147e-07 -5.770255733593309318e-08 -9.364825485084212136e-08 -5.098488937644000762e-08 -1.104453778690270826e-07 -7.772571466420322697e-08 1.205755873861046608e-07 8.591056936325475439e-07 7.992148218741127884e-06 1.320329866156001210e-08 9.066088641908850671e-08 -4.856232034693470065e-08 5.986995033750126718e-08 1.141227132622545428e-07 1.134730974331294051e-07 1.344060950839328056e-07 -6.842229930501511528e-07 -9.787012242601276714e-07 -2.458276145862698997e-05 1.249444207648089271e-06 1.791967630344485180e-06 2.352302149938481986e-06 2.136942174887102391e-06 2.624879380089134347e-06 2.995313799674101975e-06 3.569684093561074304e-06 6.832667053702987849e-06
2.230200528747987752e-06 1.912614326123259872e-08 -9.301409230041800128e-05 -8.311550659318941122e-08 1.384416810929249645e-07 -2.884809636171648869e-08 2.734858344379371281e-07 2.825527305203994559e-08 2.333789854998378083e-08 -1.590273836582350719e-08 4.335412234815251602e-08 2.691809575337242841e-08 1.320329866156001210e-08 2.471410821733953982e-05 -1.172141073516677783e-08 8.857023856202836493e-08 -2.493282533925868791e-08 -2.509534809914311451e-08 -3.265455274700779237e-08 -4.728777890464448380e-08 -3.416334422808002245e-08 4.704677558702248912e-06 -4.426403035012782853e-05 -4.604093763817533464e-07 5.548943825434960717e-07 2.869995983261488054e-07 2.450354636842141389e-07 -2.374321796030341010e-08 1.189467457859038114e-07 2.336237532420982212e-07 1.541511943119986344e-07
-7.463421745830302334e-06 -1.499878051040867995e-06 6.220935187625167777e-06 1.004060738470672051e-07 5.680709381377346960e-07 1.192470552528395803e-06 -4.656314770600320097e-07 3.104016482624153295e-07 1.754018033503414277e-07 7.146546441892936740e-08 2.094840569583512774e-08 -1.632413814675305933e-08 9.066088641908850671e-08 -1.172141073516678941e-08 2.137941862805135904e-05 6.706273325298781100e-07 5.899003068927817326e-07 7.195761732617396688e-07 5.929359224916279196e-07 5.569100138072818195e-07 4.343017326013062548e-07 -1.209612941481343378e-07 -2.571347583167284957e-06 2.557894068344453760e-06 -1.068443413994372684e-06 1.138764405887841253e-06 9.928130629863863818e-07 9.671669623252888572e-07 8.607796973396094116e-07 1.111750031288129473e-06 1.390454723936797522e-06
-1.187174058307123264e-05 -1.785356129486389275e-06 8.718375298484707704e-05 6.259785746765786175e-08 2.972499882027422603e-07 6.289249456208946198e-07 1.026756891367944192e-06 -9.414131375684113139e-07 1.107659424571276033e-07 7.132444073072883048e-08 7.224253538552331481e-08 7.572473983323653182e-08 -4.856232034693470065e-08 8.857023856202836493e-08 6.706273325298781100e-07 1.801666025825912967e-05 1.273854177173202885e-06 1.160930356108049403e-06 1.154421110191637644e-06 1.124986318210645608e-06 1.142983843385515028e-06 -1.439314922523580767e-06 3.178186030517699776e-05 2.798177969193069061e-06 2.060940854142488522e-06 -1.209981066034216096e-07 1.302812858869655181e-06 1.524543313676624390e-06 1.250254510310601546e-06 1.497194275653864461e-06 1.809506940074299797e-06
-6.322295199802747168e-06 -2.876195463941561129e-07 8.795649532493939949e-05 -1.215938815149745536e-07 -4.520984937449799473e-07 1.560042143105732665e-07 6.323457672195041067e-07 6.840963114374855325e-07 -1.282108184953030453e-06 7.148002102238714257e-10 1.172340724138849539e-07 8.947536117464855683e-08 5.986995033750126718e-08 -2.493282533925870115e-08 5.899003068927817326e-07 1.273854177173202885e-06 1.493052085922210897e-05 1.843360094631277437e-06 1.838690406322921781e-06 1.894522456852285361e-06 1.854051742344340097e-06 -9.880364766614896127e-07 3.417572912331161695e-05 1.891153540227759133e-06 1.348742744550542134e-06 2.028934079119490326e-06 6.646342933861613330e-09 1.345744398727178418e-06 1.508042786479897095e-06 1.767394236953088526e-06 2.380657300760316292e-06
-5.795144245499530154e-06 7.403053939911937266e-07 1.527572982037504312e-04 -1.300080252155392793e-07 -9.825698626744525970e-07 -3.900183587490190397e-08 2.114043237694652024e-07 6.029331074061725286e-07 6.834681629106625070e-07 -1.460834328713052520e-06 3.619920906674675463e-08 2.882574000215738300e-07 1.141227132622545560e-07 -2.509534809914311451e-08 7.195761732617396688e-07 1.160930356108049403e-06 1.843360094631277437e-06 1.259620927383443996e-05 2.618386404428203545e-06 2.623515530495404333e-06 2.707439403887253467e-06 5.449164666597562690e-07 3.018170194651282199e-05 1.828348134011739285e-06 2.231600678256694680e-06 2.121670677580749704e-06 2.345572293388192882e-06 1.230164744402336946e-06 2.636405017622548634e-06 2.903455505014004082e-06 3.871545497418353265e-06
-4.836648165995339637e-06 1.791808992236446863e-06 1.844956601537626160e-04 -2.275248013692695061e-07 -1.552634146610712613e-06 -3.341878717794581507e-07 -1.683098421196067289e-07 1.624522477687498450e-07 5.822428790941218964e-07 6.725549156273217714e-07 -1.485703553668563205e-06 1.649575887810398707e-07 1.134730974331294051e-07 -3.265455274700778576e-08 5.929359224916279196e-07 1.154421110191637644e-06 1.838690406322921570e-06 2.618386404428203545e-06 1.073736438470770055e-05 3.403597268661582019e-06 3.523127286007837462e-06 1.891786387145795650e-06 1.782803988643194221e-05 1.205416145777596940e-06 2.840940273746854425e-06 2.671195668948317652e-06 2.624587573145857336e-06 3.563782445773933403e-06 3.028438033976912205e-06 4.085146053573659997e-06 5.503849638333694980e-06
-1.369525903550717763e-06 3.094799442052972050e-06 1.589118561652311289e-04 -2.271083381898587622e-07 -1.876582266535424561e-06 -6.782242792712056611e-07 -4.926322863445854625e-07 -1.506730199451113204e-07 2.158660162416963655e-07 6.036484267770860684e-07 7.611362428873242645e-07 -1.240534953099718514e-06 1.344060950839328056e-07 -4.728777890464448380e-08 5.569100138072818195e-07 1.124986318210645608e-06 1.894522456852285361e-06 2.623515530495404333e-06 3.403597268661582019e-06 9.454664178129191742e-06 4.476767291489283604e-06 3.245537952389045322e-06 5.743713278765747270e-06 1.136710447058686624e-06 3.821233802740255497e-06 4.052353737884303823e-06 4.193667505171706647e-06 4.828406578619315918e-06 5.516390775881770111e-06 5.500876238362776290e-06 8.028914613481001925e-06
4.525241978086606488e-06 5.014192918246939041e-06 3.489772514999684863e-06 -2.065726649362858991e-07 -1.931757018113890373e-06 -9.621318858472893952e-07 -7.874387442846593042e-07 -5.360229229859999948e-07 -1.386093192946529174e-07 1.750000150095768922e-07 5.137380078714597527e-07 9.405030966896129777e-07 -6.842229930501511528e-07 -3.416334422808002245e-08 4.343017326013062548e-07 1.142983843385515028e-06 1.854051742344340097e-06 2.707439403887253467e-06 3.523127286007837462e-06 4.476767291489283604e-06 9.121134562863625073e-06 4.244328635500766693e-06 -1.863943505026842271e-05 2.085979327802917025e-06 5.628474145424873528e-06 6.104436195536233327e-06 6.559436028671786988e-06 7.795684393834643598e-06 8.719854318044359783e-06 9.746493652130064489e-06 1.232593412137823876e-05
6.226124266255829323e-05 3.144252677765850979e-05 4.544409535751145826e-03 -4.595306149543785874e-06 -3.168391235220114737e-05 -6.998698063397622541e-06 -2.429294387978505850e-06 1.487221940988745472e-06 4.774686690632645519e-06 5.475337720880360669e-06 6.040350853038593499e-06 4.355243263715506683e-06 -9.787012242601276714e-07 4.704677558702248912e-06 -1.209612941481343378e-07 -1.439314922523580767e-06 -9.880364766614896127e-07 5.449164666597562690e-07 1.891786387145795650e-06 3.245537952389045322e-06 4.244328635500766693e-06 5.428426892152124397e-04 5.085294057411056130e-04 -6.696658678280548670e-05 -4.428247801720284083e-05 -3.699665529721541247e-05 -2.880070021942328213e-05 -2.402930962089090355e-05 -2.332222827809491127e-05 -2.559673507684435785e-05 -3.879563408598220406e-05
4.334834606746607684e-04 4.907296321158917044e-05 -8.185746510752120106e-03 -2.071566137373257856e-05 -3.055537854330167959e-05 -2.467699025064742054e-05 1.207920754954943520e-05 7.184008324007172120e-06 1.814636572982639679e-05 2.298595892205413524e-05 2.797545117978490065e-05 1.693408455952110546e-05 -2.458276145862698997e-05 -4.426403035012782853e-05 -2.571347583167284957e-06 3.178186030517699776e-05 3.417572912331161695e-05 3.018170194651282199e-05 1.782803988643194221e-05 5.743713278765747270e-06 -1.863943505026842271e-05 5.085294057411056130e-04 2.779718425863776307e-02 -1.315492253018721400e-04 -9.047747604563555684e-06 -1.929508592459916263e-05 2.745011059247178155e-05 1.287907755584057100e-05 2.303044228889012475e-05 8.303208340387171715e-06 -4.829631499795676146e-05
-1.785455102438585095e-04 -2.175387253350945346e-05 -4.394499732797997257e-03 8.807938264720186248e-06 3.875116147315094676e-05 7.827499937583383039e-06 2.064693563668938290e-06 -1.166519224369732459e-06 -3.014183177913698826e-06 -3.682615161899267722e-06 -2.555570779742263575e-06 -9.879982455730607683e-07 1.249444207648089271e-06 -4.604093763817533464e-07 2.557894068344454183e-06 2.798177969193069061e-06 1.891153540227759133e-06 1.828348134011739285e-06 1.205416145777596940e-06 1.136710447058686624e-06 2.085979327802917025e-06 -6.696658678280548670e-05 -1.315492253018721400e-04 1.387245892951899113e-04 8.747162817851307569e-05 8.758556317211988254e-05 8.314764764307153199e-05 8.296179460633073340e-05 8.658846093714770852e-05 9.787849231276542455e-05 1.339071854887299840e-04
-3.839039707250258070e-05 8.126161294789312526e-06 -6.008497931804242069e-03 8.086483249683853856e-06 3.378112283123708488e-05 -1.114029422029298074e-06 1.536798230290727100e-06 -2.656596514750158596e-06 -2.787927164410755380e-06 -2.921038360461894997e-06 -1.887889162572404355e-06 -5.476047641291072796e-07 1.791967630344485180e-06 5.548943825434960717e-07 -1.068443413994372684e-06 2.060940854142488522e-06 1.348742744550542134e-06 2.231600678256694680e-06 2.840940273746854425e-06 3.821233802740255497e-06 5.628474145424873528e-06 -4.428247801720284083e-05 -9.047747604563555684e-06 8.747162817851307569e-05 1.313503568352738886e-04 9.549521014004381365e-05 9.277599122572420022e-05 9.522969546085220227e-05 9.912215664384662023e-05 1.129165246148721883e-04 1.544735013243492988e-04
2.698924689099600183e-05 2.024445837195270345e-05 -7.219417708476085632e-03 7.498106420588478088e-06 3.303925032730668744e-05 -1.692805426864223593e-06 -3.030455279187303251e-06 -1.071248537673108496e-06 -4.543947433016857048e-06 -2.938711266562990528e-06 -1.800519623368346770e-06 -4.502856226327420205e-07 2.352302149938481986e-06 2.869995983261488584e-07 1.138764405887841253e-06 -1.209981066034215831e-07 2.028934079119490326e-06 2.121670677580749704e-06 2.671195668948317652e-06 4.052353737884303823e-06 6.104436195536233327e-06 -3.699665529721541247e-05 -1.929508592459916263e-05 8.758556317211988254e-05 9.549521014004381365e-05 1.288864175879859313e-04 1.009889551149601740e-04 1.011598345834109099e-04 1.068147696346469856e-04 1.211628414868032419e-04 1.657284636362272798e-04
8.002015552413952923e-05 2.731260453276698744e-05 -8.012087930328546173e-03 6.737571629807715351e-06 3.173146374170889781e-05 -1.955981184974918752e-06 -3.546046397589776837e-06 -3.974289166996945166e-06 -1.975605661270269873e-06 -3.497331564648547822e-06 -1.234772452473219135e-06 1.607858808085353621e-07 2.136942174887102391e-06 2.450354636842141389e-07 9.928130629863863818e-07 1.302812858869655181e-06 6.646342933861613330e-09 2.345572293388192882e-06 2.624587573145857336e-06 4.193667505171706647e-06 6.559436028671786988e-06 -2.880070021942328213e-05 2.745011059247178155e-05 8.314764764307153199e-05 9.277599122572420022e-05 1.009889551149601740e-04 1.291722818178307525e-04 1.040483876947097952e-04 1.073353453848802298e-04 1.214790388710684262e-04 1.648978276407793192e-04
6.644782918840739887e-05 3.032863129176071324e-05 -7.420141739411843275e-03 7.708536203699327456e-06 3.118796270429772746e-05 -2.385462698236082767e-06 -4.087326279664651462e-06 -5.056883181792404087e-06 -4.495367828589639072e-06 -1.558494068954521495e-06 -2.415231030536315732e-06 2.681989374271777088e-07 2.624879380089134347e-06 -2.374321796030335385e-08 9.671669623252888572e-07 1.524543313676624390e-06 1.345744398727178418e-06 1.230164744402336946e-06 3.563782445773933403e-06 4.828406578619315918e-06 7.795684393834643598e-06 -2.402930962089090355e-05 1.287907755584057100e-05 8.296179460633073340e-05 9.522969546085220227e-05 1.011598345834109099e-04 1.040483876947097952e-04 1.390638607681025810e-04 1.138328201588887511e-04 1.261240159727902840e-04 1.733608680896041678e-04
8.441360389401871445e-05 3.637077568896899540e-05 -8.110482480560796473e-03 7.496450288535833269e-06 3.160675045499823551e-05 -2.781088910155089344e-06 -4.244898852699414029e-06 -4.819280893580060659e-06 -4.976716038408484265e-06 -3.982222469702160504e-06 -7.818021391377164428e-07 -1.595840666674945560e-07 2.995313799674101975e-06 1.189467457859038114e-07 8.607796973396094116e-07 1.250254510310601546e-06 1.508042786479897095e-06 2.636405017622549057e-06 3.028438033976912205e-06 5.516390775881770111e-06 8.719854318044359783e-06 -2.332222827809491127e-05 2.303044228889012475e-05 8.658846093714770852e-05 9.912215664384662023e-05 1.068147696346469856e-04 1.073353453848802298e-04 1.138328201588887511e-04 1.521530241195040065e-04 1.352286202748991385e-04 1.847325530496322736e-04
4.892917553136778695e-05 3.878933125823678750e-05 -8.242432316447063922e-03 9.008564551429065677e-06 3.534035840856084292e-05 -3.316918277852460815e-06 -4.827436448473445479e-06 -5.609943262137624094e-06 -5.640844115332468369e-06 -4.630346824437659357e-06 -2.493493501554684572e-06 1.274556327887137115e-06 3.569684093561074304e-06 2.336237532420982212e-07 1.111750031288129473e-06 1.497194275653864461e-06 1.767394236953088526e-06 2.903455505014004082e-06 4.085146053573659997e-06 5.500876238362776290e-06 9.746493652130064489e-06 -2.559673507684435785e-05 8.303208340387171715e-06 9.787849231276542455e-05 1.129165246148721883e-04 1.211628414868032419e-04 1.214790388710684262e-04 1.261240159727902840e-04 1.352286202748991385e-04 1.855882660760338585e-04 2.119337103995993404e-04
-1.197001644354076416e-04 4.468200197587331911e-05 -7.246693198654920870e-03 1.556195622710998804e-05 4.748491678468403152e-05 -4.482805034167946235e-06 -6.719528445645346305e-06 -7.582273882258997409e-06 -7.910893340935821395e-06 -6.394258588844018401e-06 -3.692075166560991296e-06 -2.403960001637335374e-07 6.832667053702989543e-06 1.541511943119987933e-07 1.390454723936797099e-06 1.809506940074299797e-06 2.380657300760316292e-06 3.871545497418352418e-06 5.503849638333694980e-06 8.028914613481000231e-06 1.232593412137823538e-05 -3.879563408598220406e-05 -4.829631499795665982e-05 1.339071854887299569e-04 1.544735013243493259e-04 1.657284636362272526e-04 1.648978276407792921e-04 1.733608680896041949e-04 1.847325530496322736e-04 2.119337103995993404e-04 3.295050309491330239e-04
