0 1.54588e-08
1 1.22925e-08
2 9.50252e-09
3 7.18343e-09
4 5.29204e-09
5 3.78214e-09
6 2.65804e-09
7 1.88065e-09
8 1.33858e-09
9 9.67393e-10
10 7.09047e-10
11 5.24877e-10
12 3.89031e-10
13 2.85933e-10
14 2.06489e-10
15 1.45421e-10
16 9.93394e-11
17 6.56221e-11
18 4.18842e-11
19 2.58682e-11
20 1.70257e-08
21 1.36145e-08
22 1.0569e-08
23 8.01872e-09
24 5.93694e-09
25 4.26138e-09
26 2.99406e-09
27 2.11372e-09
28 1.50124e-09
29 1.08044e-09
30 7.89245e-10
31 5.83137e-10
32 4.32133e-10
33 3.18134e-10
34 2.30507e-10
35 1.63095e-10
36 1.1204e-10
37 7.44658e-11
38 4.7825e-11
39 2.97101e-11
40 1.82251e-08
41 1.46302e-08
42 1.13882e-08
43 8.66173e-09
44 6.43321e-09
45 4.63123e-09
46 3.25321e-09
47 2.29343e-09
48 1.62637e-09
49 1.16766e-09
50 8.51213e-10
51 6.27924e-10
52 4.65274e-10
53 3.42906e-10
54 2.49004e-10
55 1.76725e-10
56 1.21851e-10
57 8.13103e-11
58 5.24309e-11
59 3.2693e-11
60 1.92178e-08
61 1.54696e-08
62 1.20646e-08
63 9.19379e-09
64 6.844e-09
65 4.93769e-09
66 3.46886e-09
67 2.44213e-09
68 1.72996e-09
69 1.23965e-09
70 9.02135e-10
71 6.65008e-10
72 4.9263e-10
73 3.63371e-10
74 2.64289e-10
75 1.87991e-10
76 1.29961e-10
77 8.69677e-11
78 5.6236e-11
79 3.51565e-11
80 2.00652e-08
81 1.61845e-08
82 1.26431e-08
83 9.64703e-09
84 7.19399e-09
85 5.19758e-09
86 3.65147e-09
87 2.56876e-09
88 1.81823e-09
89 1.3011e-09
90 9.45807e-10
91 6.96586e-10
92 5.16018e-10
93 3.80854e-10
94 2.7734e-10
95 1.97607e-10
96 1.36882e-10
97 9.17966e-11
98 5.94853e-11
99 3.72601e-11
100 2.08017e-08
101 1.68099e-08
102 1.31451e-08
103 1.00421e-08
104 7.49904e-09
105 5.42512e-09
106 3.81067e-09
107 2.67914e-09
108 1.89507e-09
109 1.35449e-09
110 9.83562e-10
111 7.24003e-10
112 5.36328e-10
113 3.96008e-10
114 2.88657e-10
115 2.05948e-10
116 1.42887e-10
117 9.59904e-11
118 6.23069e-11
119 3.90883e-11
120 2.14686e-08
121 1.73747e-08
122 1.36033e-08
123 1.0401e-08
124 7.77489e-09
125 5.63125e-09
126 3.95613e-09
127 2.77905e-09
128 1.96478e-09
129 1.40316e-09
130 1.01798e-09
131 7.48976e-10
132 5.5477e-10
133 4.09823e-10
134 2.98972e-10
135 2.13549e-10
136 1.48358e-10
137 9.98029e-11
138 6.48722e-11
139 4.07497e-11
140 2.20951e-08
141 1.79067e-08
142 1.40323e-08
143 1.07374e-08
144 8.03707e-09
145 5.82542e-09
146 4.09179e-09
147 2.87374e-09
148 2.03057e-09
149 1.44877e-09
150 1.05037e-09
151 7.72484e-10
152 5.72088e-10
153 4.22782e-10
154 3.0865e-10
155 2.20682e-10
156 1.53492e-10
157 1.03383e-10
158 6.72802e-11
159 4.23084e-11
160 2.2737e-08
161 1.84463e-08
162 1.44698e-08
163 1.10805e-08
164 8.30089e-09
165 6.02338e-09
166 4.23024e-09
167 2.96966e-09
168 2.09721e-09
169 1.49528e-09
170 1.08344e-09
171 7.96467e-10
172 5.89845e-10
173 4.36012e-10
174 3.18527e-10
175 2.27959e-10
176 1.5873e-10
177 1.07039e-10
178 6.97406e-11
179 4.39025e-11
180 2.35838e-08
181 1.91619e-08
182 1.50466e-08
183 1.15348e-08
184 8.6503e-09
185 6.28253e-09
186 4.41334e-09
187 3.09621e-09
188 2.1855e-09
189 1.55664e-09
190 1.12688e-09
191 8.27968e-10
192 6.13179e-10
193 4.53445e-10
194 3.31542e-10
195 2.37556e-10
196 1.65641e-10
197 1.11862e-10
198 7.29877e-11
199 4.60056e-11
200 1.90498e-08
201 1.53565e-08
202 1.19908e-08
203 9.14079e-09
204 6.80703e-09
205 4.91992e-09
206 3.46386e-09
207 2.43714e-09
208 1.7269e-09
209 1.2362e-09
210 8.98999e-10
211 6.61937e-10
212 4.8991e-10
213 3.61104e-10
214 2.62566e-10
215 1.86802e-10
216 1.29229e-10
217 8.65792e-11
218 5.60757e-11
219 3.51239e-11
220 2.06357e-08
221 1.67283e-08
222 1.31173e-08
223 1.00324e-08
224 7.50077e-09
225 5.44498e-09
226 3.84099e-09
227 2.69683e-09
228 1.90816e-09
229 1.36129e-09
230 9.86799e-10
231 7.24738e-10
232 5.35869e-10
233 3.95236e-10
234 2.88032e-10
235 2.05658e-10
236 1.42932e-10
237 9.62686e-11
238 6.26989e-11
239 3.94866e-11
240 2.19514e-08
241 1.78664e-08
242 1.40499e-08
243 1.07708e-08
244 8.07478e-09
245 5.88059e-09
246 4.15426e-09
247 2.91209e-09
248 2.05855e-09
249 1.46454e-09
250 1.05936e-09
251 7.76747e-10
252 5.73897e-10
253 4.23483e-10
254 3.09108e-10
255 2.21265e-10
256 1.54275e-10
257 1.04289e-10
258 6.81809e-11
259 4.30978e-11
260 2.30712e-08
261 1.88339e-08
262 1.48458e-08
263 1.14001e-08
264 8.56372e-09
265 6.25164e-09
266 4.4201e-09
267 3.09535e-09
268 2.18653e-09
269 1.55266e-09
270 1.12137e-09
271 8.21043e-10
272 6.06288e-10
273 4.47556e-10
274 3.27066e-10
275 2.34561e-10
276 1.63937e-10
277 1.11119e-10
278 7.28513e-11
279 4.61749e-11
280 2.40471e-08
281 1.96807e-08
282 1.55376e-08
283 1.19497e-08
284 8.99e-09
285 6.57472e-09
286 4.65166e-09
287 3.25476e-09
288 2.29783e-09
289 1.62944e-09
290 1.17527e-09
291 8.59602e-10
292 6.34512e-10
293 4.68496e-10
294 3.42693e-10
295 2.46134e-10
296 1.72349e-10
297 1.1707e-10
298 7.69197e-11
299 4.8855e-11
300 2.49308e-08
301 2.04445e-08
302 1.61665e-08
303 1.24462e-08
304 9.37536e-09
305 6.86703e-09
306 4.862e-09
307 3.39937e-09
308 2.39865e-09
309 1.69895e-09
310 1.22408e-09
311 8.94606e-10
312 6.60079e-10
313 4.8751e-10
314 3.56878e-10
315 2.56637e-10
316 1.79981e-10
317 1.22464e-10
318 8.06067e-11
319 5.12838e-11
320 2.57639e-08
321 2.11646e-08
322 1.67597e-08
323 1.29129e-08
324 9.74103e-09
325 7.1437e-09
326 5.06004e-09
327 3.5362e-09
328 2.49393e-09
329 1.7646e-09
330 1.27018e-09
331 9.27624e-10
332 6.84243e-10
333 5.05478e-10
334 3.70286e-10
335 2.66566e-10
336 1.87198e-10
337 1.27567e-10
338 8.40956e-11
339 5.35824e-11
340 2.66169e-08
341 2.19004e-08
342 1.73586e-08
343 1.33883e-08
344 1.01101e-08
345 7.42448e-09
346 5.26132e-09
347 3.675e-09
348 2.59077e-09
349 1.8313e-09
350 1.31704e-09
351 9.61206e-10
352 7.08737e-10
353 5.23643e-10
354 3.83837e-10
355 2.76599e-10
356 1.94489e-10
357 1.32722e-10
358 8.76201e-11
359 5.59046e-11
360 2.77347e-08
361 2.28681e-08
362 1.81564e-08
363 1.40207e-08
364 1.06002e-08
365 7.79698e-09
366 5.52848e-09
367 3.85852e-09
368 2.71916e-09
369 1.91964e-09
370 1.37907e-09
371 1.00554e-09
372 7.41215e-10
373 5.47752e-10
374 4.01837e-10
375 2.89927e-10
376 2.04176e-10
377 1.39571e-10
378 9.23024e-11
379 5.89892e-11
380 2.2618e-08
381 1.84725e-08
382 1.45689e-08
383 1.11919e-08
384 8.40513e-09
385 6.13868e-09
386 4.34782e-09
387 3.04629e-09
388 2.15118e-09
389 1.5284e-09
390 1.10338e-09
391 8.07312e-10
392 5.95645e-10
393 4.39351e-10
394 3.20875e-10
395 2.30031e-10
396 1.60753e-10
397 1.08986e-10
398 7.14931e-11
399 4.5357e-11
400 2.42828e-08
401 1.99426e-08
402 1.5795e-08
403 1.2171e-08
404 9.1703e-09
405 6.72509e-09
406 4.77869e-09
407 3.34426e-09
408 2.35828e-09
409 1.6707e-09
410 1.20236e-09
411 8.77392e-10
412 6.46366e-10
413 4.76726e-10
414 3.4867e-10
415 2.50649e-10
416 1.75834e-10
417 1.19757e-10
418 7.89532e-11
419 5.03416e-11
420 2.56998e-08
421 2.11924e-08
422 1.68405e-08
423 1.30061e-08
424 9.82298e-09
425 7.22584e-09
426 5.14528e-09
427 3.59847e-09
428 2.53446e-09
429 1.79218e-09
430 1.28691e-09
431 9.37132e-10
432 6.8966e-10
433 5.08587e-10
434 3.72361e-10
435 2.68221e-10
436 1.88686e-10
437 1.28937e-10
438 8.53107e-11
439 5.45923e-11
440 2.69379e-08
441 2.22856e-08
442 1.7749e-08
443 1.37337e-08
444 1.03907e-08
445 7.66106e-09
446 5.46468e-09
447 3.81939e-09
448 2.68777e-09
449 1.89788e-09
450 1.36039e-09
451 9.89144e-10
452 7.27169e-10
453 5.3629e-10
454 3.92971e-10
455 2.83513e-10
456 1.99873e-10
457 1.36929e-10
458 9.08469e-11
459 5.82938e-11
460 2.80548e-08
461 2.32724e-08
462 1.85763e-08
463 1.43945e-08
464 1.09052e-08
465 8.05672e-09
466 5.75436e-09
467 4.01984e-09
468 2.82687e-09
469 1.99382e-09
470 1.42717e-09
471 1.03632e-09
472 7.61318e-10
473 5.61491e-10
474 4.11709e-10
475 2.97413e-10
476 2.1004e-10
477 1.44191e-10
478 9.58763e-11
479 6.16561e-11
480 2.91127e-08
481 2.42095e-08
482 1.9358e-08
483 1.50184e-08
484 1.13952e-08
485 8.43044e-09
486 6.02845e-09
487 4.20982e-09
488 2.95836e-09
489 2.08464e-09
490 1.49031e-09
491 1.081e-09
492 7.93606e-10
493 5.8526e-10
494 4.29386e-10
495 3.10525e-10
496 2.19631e-10
497 1.51043e-10
498 1.00623e-10
499 6.48299e-11
500 3.01892e-08
501 2.5154e-08
502 2.01468e-08
503 1.565e-08
504 1.18866e-08
505 8.80895e-09
506 6.30509e-09
507 4.4017e-09
508 3.0913e-09
509 2.17629e-09
510 1.55407e-09
511 1.12604e-09
512 8.26258e-10
513 6.09286e-10
514 4.47252e-10
515 3.23777e-10
516 2.29324e-10
517 1.57966e-10
518 1.05418e-10
519 6.80366e-11
520 3.16034e-08
521 2.64058e-08
522 2.11912e-08
523 1.64841e-08
524 1.254e-08
525 9.31114e-09
526 6.6734e-09
527 4.65586e-09
528 3.26788e-09
529 2.29778e-09
530 1.63863e-09
531 1.18588e-09
532 8.69606e-10
533 6.41209e-10
534 4.70998e-10
535 3.41392e-10
536 2.42208e-10
537 1.6717e-10
538 1.11793e-10
539 7.22993e-11
540 2.6307e-08
541 2.17585e-08
542 1.73319e-08
543 1.34128e-08
544 1.0145e-08
545 7.47708e-09
546 5.33889e-09
547 3.73566e-09
548 2.62795e-09
549 1.8574e-09
550 1.33104e-09
551 9.67582e-10
552 7.11038e-10
553 5.24045e-10
554 3.83722e-10
555 2.76652e-10
556 1.94927e-10
557 1.33493e-10
558 8.85583e-11
559 5.68365e-11
560 2.80504e-08
561 2.33255e-08
562 1.86654e-08
563 1.44889e-08
564 1.09899e-08
565 8.12948e-09
566 5.8254e-09
567 4.07766e-09
568 2.86291e-09
569 2.02018e-09
570 1.44307e-09
571 1.04608e-09
572 7.67257e-10
573 5.65103e-10
574 4.14105e-10
575 2.99181e-10
576 2.11473e-10
577 1.45405e-10
578 9.68982e-11
579 6.24839e-11
580 2.95741e-08
581 2.46926e-08
582 1.98246e-08
583 1.54275e-08
584 1.17263e-08
585 8.69891e-09
586 6.2502e-09
587 4.37543e-09
588 3.0681e-09
589 2.1622e-09
590 1.5408e-09
591 1.11453e-09
592 8.16195e-10
593 6.00868e-10
594 4.40573e-10
595 3.18808e-10
596 2.25888e-10
597 1.55784e-10
598 1.04167e-10
599 6.74075e-11
600 3.09489e-08
601 2.59321e-08
602 2.08782e-08
603 1.62802e-08
604 1.23947e-08
605 9.2153e-09
606 6.63505e-09
607 4.64549e-09
608 3.25389e-09
609 2.29085e-09
610 1.62937e-09
611 1.17657e-09
612 8.60672e-10
613 6.33379e-10
614 4.64623e-10
615 3.36641e-10
616 2.38984e-10
617 1.65211e-10
618 1.10766e-10
619 7.18757e-11
620 3.2255e-08
621 2.71028e-08
622 2.18735e-08
623 1.70824e-08
624 1.30269e-08
625 9.70237e-09
626 6.99848e-09
627 4.90087e-09
628 3.42964e-09
629 2.41237e-09
630 1.713e-09
631 1.2352e-09
632 9.0259e-10
633 6.63976e-10
634 4.87275e-10
635 3.53435e-10
636 2.51316e-10
637 1.74088e-10
638 1.16981e-10
639 7.60848e-11
640 3.35746e-08
641 2.82899e-08
642 2.28799e-08
643 1.78975e-08
644 1.36648e-08
645 1.01964e-08
646 7.36635e-09
647 5.15939e-09
648 3.60724e-09
649 2.53558e-09
650 1.79771e-09
651 1.29458e-09
652 9.45157e-10
653 6.95017e-10
654 5.10234e-10
655 3.70459e-10
656 2.63819e-10
657 1.8309e-10
658 1.23285e-10
659 8.0355e-11
660 3.53142e-08
661 2.98589e-08
662 2.42132e-08
663 1.8975e-08
664 1.45123e-08
665 1.0852e-08
666 7.85528e-09
667 5.50178e-09
668 3.84315e-09
669 2.69892e-09
670 1.91002e-09
671 1.37321e-09
672 1.0014e-09
673 7.36125e-10
674 5.40657e-10
675 3.93018e-10
676 2.80385e-10
677 1.95034e-10
678 1.31633e-10
679 8.60184e-11
680 3.01342e-08
681 2.52267e-08
682 2.03035e-08
683 1.58273e-08
684 1.20465e-08
685 8.95033e-09
686 6.44456e-09
687 4.51859e-09
688 3.1645e-09
689 2.22951e-09
690 1.58617e-09
691 1.14567e-09
692 8.37938e-10
693 6.16313e-10
694 4.51799e-10
695 3.27086e-10
696 2.32011e-10
697 1.60272e-10
698 1.07393e-10
699 6.9663e-11
700 3.19645e-08
701 2.69004e-08
702 2.17466e-08
703 1.70103e-08
704 1.29803e-08
705 9.6747e-09
706 6.99213e-09
707 4.90932e-09
708 3.43304e-09
709 2.41572e-09
710 1.71323e-09
711 1.23411e-09
712 9.00495e-10
713 6.61622e-10
714 4.85115e-10
715 3.51735e-10
716 2.50148e-10
717 1.73404e-10
718 1.16668e-10
719 7.60149e-11
720 3.3623e-08
721 2.84209e-08
722 2.30612e-08
723 1.80846e-08
724 1.38299e-08
725 1.03334e-08
726 7.49077e-09
727 5.26478e-09
728 3.67632e-09
729 2.58468e-09
730 1.82862e-09
731 1.31441e-09
732 9.57405e-10
733 7.02826e-10
734 5.15408e-10
735 3.74145e-10
736 2.66638e-10
737 1.85344e-10
738 1.25102e-10
739 8.17909e-11
740 3.51976e-08
741 2.98574e-08
742 2.43001e-08
743 1.90994e-08
744 1.46311e-08
745 1.09555e-08
746 7.96103e-09
747 5.60072e-09
748 3.90672e-09
749 2.74447e-09
750 1.93758e-09
751 1.3902e-09
752 1.01112e-09
753 7.41635e-10
754 5.43959e-10
755 3.95265e-10
756 2.82177e-10
757 1.96595e-10
758 1.3305e-10
759 8.72342e-11
760 3.67916e-08
761 3.13107e-08
762 2.55513e-08
763 2.01265e-08
764 1.54416e-08
765 1.15855e-08
766 8.43623e-09
767 5.9403e-09
768 4.13914e-09
769 2.9058e-09
770 2.04793e-09
771 1.46695e-09
772 1.06554e-09
773 7.81029e-10
774 5.72886e-10
775 4.16666e-10
776 2.97927e-10
777 2.08002e-10
778 1.41109e-10
779 9.27548e-11
780 3.88939e-08
781 3.32357e-08
782 2.72177e-08
783 2.14853e-08
784 1.6517e-08
785 1.2422e-08
786 9.06875e-09
787 6.39124e-09
788 4.44819e-09
789 3.12029e-09
790 2.19449e-09
791 1.56883e-09
792 1.13771e-09
793 8.33198e-10
794 6.11278e-10
795 4.45066e-10
796 3.18822e-10
797 2.2313e-10
798 1.51794e-10
799 1.00073e-10
800 3.41198e-08
801 2.88987e-08
802 2.34986e-08
803 1.84594e-08
804 1.41337e-08
805 1.05725e-08
806 7.6775e-09
807 5.40556e-09
808 3.77337e-09
809 2.6515e-09
810 1.87364e-09
811 1.34514e-09
812 9.78525e-10
813 7.17549e-10
814 5.25987e-10
815 3.81883e-10
816 2.72345e-10
817 1.89539e-10
818 1.28142e-10
819 8.39417e-11
820 3.60922e-08
821 3.07303e-08
822 2.50995e-08
823 1.97922e-08
824 1.51925e-08
825 1.13975e-08
826 8.30744e-09
827 5.86309e-09
828 4.08726e-09
829 2.86868e-09
830 2.02201e-09
831 1.44762e-09
832 1.05027e-09
833 7.69025e-10
834 5.63545e-10
835 4.09559e-10
836 2.92714e-10
837 2.04347e-10
838 1.38677e-10
839 9.12273e-11
840 3.79555e-08
841 3.2461e-08
842 2.66181e-08
843 2.10489e-08
844 1.61953e-08
845 1.21783e-08
846 8.90366e-09
847 6.29609e-09
848 4.38497e-09
849 3.0743e-09
850 2.16234e-09
851 1.54452e-09
852 1.11826e-09
853 8.17675e-10
854 5.99063e-10
855 4.35733e-10
856 3.11975e-10
857 2.18349e-10
858 1.48639e-10
859 9.81169e-11
860 3.98452e-08
861 3.42113e-08
862 2.81547e-08
863 2.23215e-08
864 1.72064e-08
865 1.29692e-08
866 9.50617e-09
867 6.73441e-09
868 4.68581e-09
869 3.28248e-09
870 2.30431e-09
871 1.64267e-09
872 1.18704e-09
873 8.67021e-10
874 6.35026e-10
875 4.62236e-10
876 3.31484e-10
877 2.32534e-10
878 1.58734e-10
879 1.05099e-10
880 4.23406e-08
881 3.65313e-08
882 3.01884e-08
883 2.40107e-08
884 1.85521e-08
885 1.40175e-08
886 1.03066e-08
887 7.31474e-09
888 5.08479e-09
889 3.55861e-09
890 2.49264e-09
891 1.7727e-09
892 1.27826e-09
893 9.32287e-10
894 6.82692e-10
895 4.97364e-10
896 3.57335e-10
897 2.51325e-10
898 1.72102e-10
899 1.14343e-10
900 3.83949e-08
901 3.28957e-08
902 2.70284e-08
903 2.14088e-08
904 1.64898e-08
905 1.2413e-08
906 9.08764e-09
907 6.43737e-09
908 4.48455e-09
909 3.14215e-09
910 2.20924e-09
911 1.57591e-09
912 1.13946e-09
913 8.32279e-10
914 6.09365e-10
915 4.43178e-10
916 3.17434e-10
917 2.22363e-10
918 1.51567e-10
919 1.00212e-10
920 4.0587e-08
921 3.49608e-08
922 2.88655e-08
923 2.29544e-08
924 1.77318e-08
925 1.33841e-08
926 9.83476e-09
927 6.98928e-09
928 4.86703e-09
929 3.40456e-09
930 2.38869e-09
931 1.6988e-09
932 1.22495e-09
933 8.93021e-10
934 6.53322e-10
935 4.754e-10
936 3.41114e-10
937 2.39619e-10
938 1.63915e-10
939 1.08824e-10
940 4.28063e-08
941 3.70507e-08
942 3.07289e-08
943 2.45211e-08
944 1.89898e-08
945 1.43699e-08
946 1.05916e-08
947 7.54804e-09
948 5.25439e-09
949 3.67099e-09
950 2.57122e-09
951 1.8238e-09
952 1.3117e-09
953 9.54593e-10
954 6.97835e-10
955 5.08025e-10
956 3.65093e-10
957 2.57095e-10
958 1.76424e-10
959 1.1755e-10
960 4.57432e-08
961 3.98237e-08
962 3.32005e-08
963 2.65981e-08
964 2.06597e-08
965 1.56764e-08
966 1.15961e-08
967 8.28875e-09
968 5.76817e-09
969 4.02398e-09
970 2.81296e-09
971 1.98917e-09
972 1.42657e-09
973 1.03604e-09
974 7.56817e-10
975 5.51261e-10
976 3.96863e-10
977 2.80246e-10
978 1.92989e-10
979 1.29103e-10
980 4.3141e-08
981 3.74015e-08
982 3.10715e-08
983 2.48342e-08
984 1.92554e-08
985 1.45815e-08
986 1.07602e-08
987 7.68096e-09
988 5.35222e-09
989 3.73606e-09
990 2.61658e-09
991 1.85369e-09
992 1.33163e-09
993 9.68081e-10
994 7.07197e-10
995 5.14661e-10
996 3.69897e-10
997 2.60618e-10
998 1.79007e-10
999 1.19423e-10
1000 4.57509e-08
1001 3.98918e-08
1002 3.33258e-08
1003 2.67579e-08
1004 2.08177e-08
1005 1.58115e-08
1006 1.17099e-08
1007 8.39241e-09
1008 5.85218e-09
1009 4.07784e-09
1010 2.85181e-09
1011 2.0131e-09
1012 1.44157e-09
1013 1.04519e-09
1014 7.6245e-10
1015 5.54875e-10
1016 3.99355e-10
1017 2.82102e-10
1018 1.94453e-10
1019 1.3028e-10
1020 4.92078e-08
1021 4.31989e-08
1022 3.63175e-08
1023 2.9314e-08
1024 2.28925e-08
1025 1.74424e-08
1026 1.29705e-08
1027 9.33579e-09
1028 6.51591e-09
1029 4.5311e-09
1030 3.16336e-09
1031 2.22448e-09
1032 1.58723e-09
1033 1.14748e-09
1034 8.3578e-10
1035 6.08265e-10
1036 4.38489e-10
1037 3.10647e-10
1038 2.14971e-10
1039 1.447e-10
1040 4.88241e-08
1041 4.2871e-08
1042 3.60623e-08
1043 2.91326e-08
1044 2.27657e-08
1045 1.73522e-08
1046 1.2906e-08
1047 9.29875e-09
1048 6.49927e-09
1049 4.51891e-09
1050 3.15571e-09
1051 2.21803e-09
1052 1.58181e-09
1053 1.14271e-09
1054 8.31554e-10
1055 6.04775e-10
1056 4.35743e-10
1057 3.08627e-10
1058 2.13581e-10
1059 1.43809e-10
1060 5.29334e-08
1061 4.68607e-08
1062 3.97343e-08
1063 3.23207e-08
1064 2.539e-08
1065 1.94288e-08
1066 1.45195e-08
1067 1.05205e-08
1068 7.37528e-09
1069 5.11627e-09
1070 3.5666e-09
1071 2.49525e-09
1072 1.7717e-09
1073 1.27442e-09
1074 9.24955e-10
1075 6.7212e-10
1076 4.84798e-10
1077 3.44362e-10
1078 2.39349e-10
1079 1.62041e-10
1080 5.81028e-08
1081 5.19742e-08
1082 4.45441e-08
1083 3.65941e-08
1084 2.89735e-08
1085 2.22989e-08
1086 1.6762e-08
1087 1.22417e-08
1088 8.63824e-09
1089 5.98427e-09
1090 4.16068e-09
1091 2.89694e-09
1092 2.04367e-09
1093 1.46034e-09
1094 1.05457e-09
1095 7.64175e-10
1096 5.51183e-10
1097 3.92499e-10
1098 2.74098e-10
1099 1.86784e-10
1100 9.37977e-08
1101 9.21727e-08
1102 8.33134e-08
1103 6.88785e-08
1104 5.42434e-08
1105 4.37425e-08
1106 3.5571e-08
1107 2.39123e-08
1108 1.69368e-08
1109 1.11317e-08
1110 7.66628e-09
1111 5.18581e-09
1112 0
1113 0
1114 0
1115 0
1116 0
1117 0
1118 0
1119 0
1120 1.68031e-07
1121 1.65339e-07
1122 1.49697e-07
1123 1.2394e-07
1124 9.76321e-08
1125 7.86616e-08
1126 6.40496e-08
1127 4.32237e-08
1128 3.04858e-08
1129 2.01086e-08
1130 1.38511e-08
1131 9.35752e-09
1132 0
1133 0
1134 0
1135 0
1136 0
1137 0
1138 0
1139 0
1140 2.29432e-07
1141 2.25857e-07
1142 2.04605e-07
1143 1.69484e-07
1144 1.33521e-07
1145 1.07545e-07
1146 8.76058e-08
1147 5.91975e-08
1148 4.16928e-08
1149 2.75395e-08
1150 1.8967e-08
1151 1.28082e-08
1152 0
1153 0
1154 0
1155 0
1156 0
1157 0
1158 0
1159 0
1160 2.8173e-07
1161 2.77403e-07
1162 2.51373e-07
1163 2.08277e-07
1164 1.6409e-07
1165 1.32146e-07
1166 1.0767e-07
1167 7.28045e-08
1168 5.12384e-08
1169 3.3867e-08
1170 2.33248e-08
1171 1.57476e-08
1172 0
1173 0
1174 0
1175 0
1176 0
1177 0
1178 0
1179 0
1180 3.27261e-07
1181 3.2228e-07
1182 2.9209e-07
1183 2.42052e-07
1184 1.90706e-07
1185 1.53565e-07
1186 1.25139e-07
1187 8.465e-08
1188 5.95498e-08
1189 3.93752e-08
1190 2.71186e-08
1191 1.83065e-08
1192 0
1193 0
1194 0
1195 0
1196 0
1197 0
1198 0
1199 0
1200 3.68527e-07
1201 3.62954e-07
1202 3.28995e-07
1203 2.72662e-07
1204 2.14827e-07
1205 1.72979e-07
1206 1.40971e-07
1207 9.5386e-08
1208 6.7082e-08
1209 4.43675e-08
1210 3.05569e-08
1211 2.06257e-08
1212 0
1213 0
1214 0
1215 0
1216 0
1217 0
1218 0
1219 0
1220 4.07538e-07
1221 4.01408e-07
1222 3.63881e-07
1223 3.01599e-07
1224 2.37629e-07
1225 1.9133e-07
1226 1.55938e-07
1227 1.05535e-07
1228 7.42025e-08
1229 4.90868e-08
1230 3.38073e-08
1231 2.28181e-08
1232 0
1233 0
1234 0
1235 0
1236 0
1237 0
1238 0
1239 0
1240 4.47028e-07
1241 4.40332e-07
1242 3.99196e-07
1243 3.30892e-07
1244 2.60712e-07
1245 2.09907e-07
1246 1.71088e-07
1247 1.15809e-07
1248 8.14106e-08
1249 5.38643e-08
1250 3.70978e-08
1251 2.50375e-08
1252 0
1253 0
1254 0
1255 0
1256 0
1257 0
1258 0
1259 0
1260 4.99382e-07
1261 4.91925e-07
1262 4.46007e-07
1263 3.6972e-07
1264 2.91309e-07
1265 2.34531e-07
1266 1.91171e-07
1267 1.29427e-07
1268 9.09649e-08
1269 6.01969e-08
1270 4.14593e-08
1271 2.79793e-08
1272 0
1273 0
1274 0
1275 0
1276 0
1277 0
1278 0
1279 0
1280 7.73199e-08
1281 7.81562e-08
1282 7.32529e-08
1283 6.26761e-08
1284 4.99147e-08
1285 3.95609e-08
1286 3.26041e-08
1287 2.4037e-08
1288 1.56643e-08
1289 1.1282e-08
1290 7.51637e-09
1291 4.99664e-09
1292 0
1293 0
1294 0
1295 0
1296 0
1297 0
1298 0
1299 0
1300 1.40989e-07
1301 1.42659e-07
1302 1.33891e-07
1303 1.14725e-07
1304 9.14324e-08
1305 7.24306e-08
1306 5.96805e-08
1307 4.41596e-08
1308 2.87217e-08
1309 2.0745e-08
1310 1.37822e-08
1311 9.16171e-09
1312 0
1313 0
1314 0
1315 0
1316 0
1317 0
1318 0
1319 0
1320 1.95231e-07
1321 1.97612e-07
1322 1.85552e-07
1323 1.59067e-07
1324 1.26804e-07
1325 1.00434e-07
1326 8.27484e-08
1327 6.13033e-08
1328 3.9846e-08
1329 2.88071e-08
1330 1.91204e-08
1331 1.27102e-08
1332 0
1333 0
1334 0
1335 0
1336 0
1337 0
1338 0
1339 0
1340 2.42449e-07
1341 2.45448e-07
1342 2.30522e-07
1343 1.97667e-07
1344 1.57594e-07
1345 1.24811e-07
1346 1.02829e-07
1347 7.62267e-08
1348 4.95295e-08
1349 3.5825e-08
1350 2.37672e-08
1351 1.57991e-08
1352 0
1353 0
1354 0
1355 0
1356 0
1357 0
1358 0
1359 0
1360 2.85263e-07
1361 2.88824e-07
1362 2.71298e-07
1363 2.32668e-07
1364 1.85513e-07
1365 1.46915e-07
1366 1.21037e-07
1367 8.97586e-08
1368 5.83102e-08
1369 4.21886e-08
1370 2.79808e-08
1371 1.85999e-08
1372 0
1373 0
1374 0
1375 0
1376 0
1377 0
1378 0
1379 0
1380 3.25727e-07
1381 3.29818e-07
1382 3.09836e-07
1383 2.65747e-07
1384 2.11899e-07
1385 1.67804e-07
1386 1.38245e-07
1387 1.02547e-07
1388 6.66087e-08
1389 4.82027e-08
1390 3.19629e-08
1391 2.1247e-08
1392 0
1393 0
1394 0
1395 0
1396 0
1397 0
1398 0
1399 0
1400 3.66678e-07
1401 3.71305e-07
1402 3.48838e-07
1403 2.99224e-07
1404 2.38603e-07
1405 1.88946e-07
1406 1.5566e-07
1407 1.1549e-07
1408 7.50071e-08
1409 5.42893e-08
1410 3.59931e-08
1411 2.3926e-08
1412 0
1413 0
1414 0
1415 0
1416 0
1417 0
1418 0
1419 0
1420 4.20964e-07
1421 4.26302e-07
1422 4.0054e-07
1423 3.43602e-07
1424 2.74002e-07
1425 2.16972e-07
1426 1.78746e-07
1427 1.32647e-07
1428 8.61402e-08
1429 6.23577e-08
1430 4.13355e-08
1431 2.74772e-08
1432 0
1433 0
1434 0
1435 0
1436 0
1437 0
1438 0
1439 0
1440 6.53021e-08
1441 6.74724e-08
1442 6.5127e-08
1443 5.75817e-08
1444 4.6765e-08
1445 3.67913e-08
1446 3.00074e-08
1447 2.37155e-08
1448 1.53047e-08
1449 1.12555e-08
1450 7.171e-09
1451 4.82074e-09
1452 3.26707e-09
1453 0
1454 0
1455 0
1456 0
1457 0
1458 0
1459 0
1460 1.20681e-07
1461 1.24793e-07
1462 1.20589e-07
1463 1.06747e-07
1464 8.67786e-08
1465 6.8266e-08
1466 5.56424e-08
1467 4.40656e-08
1468 2.84797e-08
1469 2.09116e-08
1470 1.33226e-08
1471 8.96525e-09
1472 6.06984e-09
1473 0
1474 0
1475 0
1476 0
1477 0
1478 0
1479 0
1480 1.68885e-07
1481 1.74688e-07
1482 1.68865e-07
1483 1.49549e-07
1484 1.21613e-07
1485 9.56665e-08
1486 7.79591e-08
1487 6.17814e-08
1488 3.99494e-08
1489 2.93178e-08
1490 1.86779e-08
1491 1.25733e-08
1492 8.50982e-09
1493 0
1494 0
1495 0
1496 0
1497 0
1498 0
1499 0
1500 2.12588e-07
1501 2.19923e-07
1502 2.12633e-07
1503 1.88353e-07
1504 1.53194e-07
1505 1.20508e-07
1506 9.81918e-08
1507 7.7843e-08
1508 5.0348e-08
1509 3.69391e-08
1510 2.35331e-08
1511 1.58444e-08
1512 1.07219e-08
1513 0
1514 0
1515 0
1516 0
1517 0
1518 0
1519 0
1520 2.539e-07
1521 2.62684e-07
1522 2.54007e-07
1523 2.25035e-07
1524 1.83048e-07
1525 1.43991e-07
1526 1.17318e-07
1527 9.30261e-08
1528 6.01779e-08
1529 4.41435e-08
1530 2.81228e-08
1531 1.89366e-08
1532 1.28131e-08
1533 0
1534 0
1535 0
1536 0
1537 0
1538 0
1539 0
1540 2.95707e-07
1541 3.05956e-07
1542 2.95876e-07
1543 2.62156e-07
1544 2.13259e-07
1545 1.67755e-07
1546 1.36673e-07
1547 1.08391e-07
1548 7.01252e-08
1549 5.1434e-08
1550 3.27673e-08
1551 2.20658e-08
1552 1.49292e-08
1553 0
1554 0
1555 0
1556 0
1557 0
1558 0
1559 0
1560 3.5114e-07
1561 3.63333e-07
1562 3.51392e-07
1563 3.11376e-07
1564 2.53317e-07
1565 1.99265e-07
1566 1.62336e-07
1567 1.28763e-07
1568 8.33151e-08
1569 6.1101e-08
1570 3.89258e-08
1571 2.6215e-08
1572 1.77351e-08
1573 0
1574 0
1575 0
1576 0
1577 0
1578 0
1579 0
1580 5.63047e-08
1581 5.92192e-08
1582 5.85605e-08
1583 5.33259e-08
1584 4.43503e-08
1585 3.49506e-08
1586 2.80752e-08
1587 2.29563e-08
1588 1.56112e-08
1589 1.08401e-08
1590 7.154e-09
1591 4.88106e-09
1592 3.23013e-09
1593 0
1594 0
1595 0
1596 0
1597 0
1598 0
1599 0
1600 1.05034e-07
1601 1.10545e-07
1602 1.09416e-07
1603 9.97531e-08
1604 8.30516e-08
1605 6.54667e-08
1606 5.25562e-08
1607 4.30046e-08
1608 2.93322e-08
1609 2.03045e-08
1610 1.34425e-08
1611 9.16882e-09
1612 6.06281e-09
1613 0
1614 0
1615 0
1616 0
1617 0
1618 0
1619 0
1620 1.49233e-07
1621 1.571e-07
1622 1.55545e-07
1623 1.41865e-07
1624 1.18156e-07
1625 9.31467e-08
1626 7.4762e-08
1627 6.11898e-08
1628 4.17783e-08
1629 2.88893e-08
1630 1.91467e-08
1631 1.30582e-08
1632 8.63225e-09
1633 0
1634 0
1635 0
1636 0
1637 0
1638 0
1639 0
1640 1.91003e-07
1641 2.01096e-07
1642 1.99138e-07
1643 1.81663e-07
1644 1.51331e-07
1645 1.19305e-07
1646 9.57472e-08
1647 7.83753e-08
1648 5.35402e-08
1649 3.70022e-08
1650 2.45374e-08
1651 1.67337e-08
1652 1.10605e-08
1653 0
1654 0
1655 0
1656 0
1657 0
1658 0
1659 0
1660 2.33287e-07
1661 2.45635e-07
1662 2.43269e-07
1663 2.21951e-07
1664 1.84915e-07
1665 1.45786e-07
1666 1.16991e-07
1667 9.57728e-08
1668 6.54473e-08
1669 4.52151e-08
1670 2.99945e-08
1671 2.04546e-08
1672 1.35186e-08
1673 0
1674 0
1675 0
1676 0
1677 0
1678 0
1679 0
1680 2.89361e-07
1681 3.04697e-07
1682 3.01791e-07
1683 2.75377e-07
1684 2.29451e-07
1685 1.80903e-07
1686 1.45163e-07
1687 1.18844e-07
1688 8.12372e-08
1689 5.61063e-08
1690 3.72312e-08
1691 2.53888e-08
1692 1.67784e-08
1693 0
1694 0
1695 0
1696 0
1697 0
1698 0
1699 0
1700 4.91719e-08
1701 5.2496e-08
1702 5.29782e-08
1703 4.95301e-08
1704 4.22504e-08
1705 3.35892e-08
1706 2.66482e-08
1707 2.197e-08
1708 1.60282e-08
1709 1.04508e-08
1710 7.42877e-09
1711 4.93195e-09
1712 3.22541e-09
1713 0
1714 0
1715 0
1716 0
1717 0
1718 0
1719 0
1720 9.34983e-08
1721 9.98769e-08
1722 1.00876e-07
1723 9.44094e-08
1724 8.06221e-08
1725 6.41282e-08
1726 5.08557e-08
1727 4.19246e-08
1728 3.06749e-08
1729 1.99642e-08
1730 1.42287e-08
1731 9.42651e-09
1732 6.16398e-09
1733 0
1734 0
1735 0
1736 0
1737 0
1738 0
1739 0
1740 1.354e-07
1741 1.44666e-07
1742 1.46153e-07
1743 1.36833e-07
1744 1.16894e-07
1745 9.29963e-08
1746 7.37388e-08
1747 6.07873e-08
1748 4.45203e-08
1749 2.89572e-08
1750 2.06566e-08
1751 1.36752e-08
1752 8.94178e-09
1753 0
1754 0
1755 0
1756 0
1757 0
1758 0
1759 0
1760 1.77817e-07
1761 1.90006e-07
1762 1.91987e-07
1763 1.79779e-07
1764 1.53613e-07
1765 1.2222e-07
1766 9.69033e-08
1767 7.98821e-08
1768 5.85361e-08
1769 3.80608e-08
1770 2.71637e-08
1771 1.79761e-08
1772 1.17538e-08
1773 0
1774 0
1775 0
1776 0
1777 0
1778 0
1779 0
1780 2.34076e-07
1781 2.50142e-07
1782 2.52778e-07
1783 2.36739e-07
1784 2.02313e-07
1785 1.60979e-07
1786 1.27627e-07
1787 1.05208e-07
1788 7.71254e-08
1789 5.0135e-08
1790 3.5794e-08
1791 2.36806e-08
1792 1.54833e-08
1793 0
1794 0
1795 0
1796 0
1797 0
1798 0
1799 0
1800 4.43914e-08
1801 4.80077e-08
1802 4.93025e-08
1803 4.71811e-08
1804 4.12807e-08
1805 3.32821e-08
1806 2.62152e-08
1807 2.14849e-08
1808 1.66406e-08
1809 1.06222e-08
1810 7.82397e-09
1811 4.96733e-09
1812 3.26339e-09
1813 0
1814 0
1815 0
1816 0
1817 0
1818 0
1819 0
1820 8.61067e-08
1821 9.31686e-08
1822 9.57468e-08
1823 9.17117e-08
1824 8.03281e-08
1825 6.48091e-08
1826 5.10393e-08
1827 4.18112e-08
1828 3.24514e-08
1829 2.07216e-08
1830 1.5262e-08
1831 9.6778e-09
1832 6.36224e-09
1833 0
1834 0
1835 0
1836 0
1837 0
1838 0
1839 0
1840 1.28348e-07
1841 1.38899e-07
1842 1.42777e-07
1843 1.36804e-07
1844 1.19868e-07
1845 9.67339e-08
1846 7.61767e-08
1847 6.2394e-08
1848 4.84617e-08
1849 3.09485e-08
1850 2.27939e-08
1851 1.44477e-08
1852 9.5002e-09
1853 0
1854 0
1855 0
1856 0
1857 0
1858 0
1859 0
1860 1.84357e-07
1861 1.99534e-07
1862 2.05135e-07
1863 1.96593e-07
1864 1.72295e-07
1865 1.39064e-07
1866 1.09507e-07
1867 8.96851e-08
1868 6.96902e-08
1869 4.45085e-08
1870 3.27807e-08
1871 2.07723e-08
1872 1.36609e-08
1873 0
1874 0
1875 0
1876 0
1877 0
1878 0
1879 0
1880 4.14484e-08
1881 4.53472e-08
1882 4.72976e-08
1883 4.6225e-08
1884 4.14661e-08
1885 3.40421e-08
1886 2.67727e-08
1887 2.16836e-08
1888 1.74758e-08
1889 1.14499e-08
1890 8.22078e-09
1891 5.20845e-09
1892 3.48738e-09
1893 2.28922e-09
1894 0
1895 0
1896 0
1897 0
1898 0
1899 0
1900 8.31194e-08
1901 9.09816e-08
1902 9.49557e-08
1903 9.28837e-08
1904 8.34115e-08
1905 6.85381e-08
1906 5.39065e-08
1907 4.36347e-08
1908 3.52103e-08
1909 2.31189e-08
1910 1.65594e-08
1911 1.05078e-08
1912 7.0415e-09
1913 4.61751e-09
1914 0
1915 0
1916 0
1917 0
1918 0
1919 0
1920 1.38407e-07
1921 1.51519e-07
1922 1.58177e-07
1923 1.54779e-07
1924 1.39055e-07
1925 1.143e-07
1926 8.99013e-08
1927 7.27543e-08
1928 5.87364e-08
1929 3.8598e-08
1930 2.76212e-08
1931 1.75378e-08
1932 1.17561e-08
1933 7.70616e-09
1934 0
1935 0
1936 0
1937 0
1938 0
1939 0
1940 4.09574e-08
1941 4.53041e-08
1942 4.79422e-08
1943 4.77903e-08
1944 4.39511e-08
1945 3.68774e-08
1946 2.9128e-08
1947 2.32887e-08
1948 1.9143e-08
1949 1.32953e-08
1950 8.97829e-09
1951 6.02389e-09
1952 4.04577e-09
1953 2.60791e-09
1954 0
1955 0
1956 0
1957 0
1958 0
1959 0
1960 9.49007e-08
1961 1.05024e-07
1962 1.11212e-07
1963 1.10958e-07
1964 1.02163e-07
1965 8.58152e-08
1966 6.78069e-08
1967 5.41829e-08
1968 4.45564e-08
1969 3.10453e-08
1970 2.09015e-08
1971 1.40751e-08
1972 9.4435e-09
1973 6.08411e-09
1974 0
1975 0
1976 0
1977 0
1978 0
1979 0
1980 5.20355e-08
1981 5.82026e-08
1982 6.24935e-08
1983 6.35386e-08
1984 5.99727e-08
1985 5.16655e-08
1986 4.12746e-08
1987 3.26402e-08
1988 2.68861e-08
1989 2.00682e-08
1990 1.28584e-08
1991 9.27198e-09
1992 5.97742e-09
1993 3.83387e-09
1994 0
1995 0
1996 0
1997 0
1998 0
1999 0
2000 5.45435e-05
2001 5.3669e-05
2002 4.86201e-05
2003 4.02806e-05
2004 3.17289e-05
2005 2.55452e-05
2006 2.08194e-05
2007 1.40839e-05
2008 9.90578e-06
2009 6.54944e-06
2010 4.51189e-06
2011 3.04534e-06
2012 0
2013 0
2014 0
2015 0
2016 0
2017 0
2018 0
2019 0
2020 4.84321e-05
2021 4.90029e-05
2022 4.60189e-05
2023 3.94655e-05
2024 3.14646e-05
2025 2.49116e-05
2026 2.05228e-05
2027 1.52318e-05
2028 9.88758e-06
2029 7.16045e-06
2030 4.74653e-06
2031 3.15479e-06
2032 0
2033 0
2034 0
2035 0
2036 0
2037 0
2038 0
2039 0
2040 4.30591e-05
2041 4.45152e-05
2042 4.30312e-05
2043 3.81207e-05
2044 3.10071e-05
2045 2.43872e-05
2046 1.9866e-05
2047 1.57594e-05
2048 1.01946e-05
2049 7.4784e-06
2050 4.7623e-06
2051 3.20729e-06
2052 2.16993e-06
2053 0
2054 0
2055 0
2056 0
2057 0
2058 0
2059 0
2060 3.76869e-05
2061 3.96495e-05
2062 3.92524e-05
2063 3.58079e-05
2064 2.98317e-05
2065 2.35167e-05
2066 1.88684e-05
2067 1.54491e-05
2068 1.05609e-05
2069 7.29266e-06
2070 4.83918e-06
2071 3.30071e-06
2072 2.18106e-06
2073 0
2074 0
2075 0
2076 0
2077 0
2078 0
2079 0
2080 3.27991e-05
2081 3.50197e-05
2082 3.53716e-05
2083 3.31193e-05
2084 2.82999e-05
2085 2.25156e-05
2086 1.78486e-05
2087 1.47135e-05
2088 1.07884e-05
2089 7.01059e-06
2090 5.00707e-06
2091 3.3124e-06
2092 2.1656e-06
2093 0
2094 0
2095 0
2096 0
2097 0
2098 0
2099 0
2100 2.80909e-05
2101 3.03769e-05
2102 3.12146e-05
2103 2.99079e-05
2104 2.62089e-05
2105 2.11524e-05
2106 1.66548e-05
2107 1.36394e-05
2108 1.06011e-05
2109 6.76919e-06
2110 4.98686e-06
2111 3.15902e-06
2112 2.07749e-06
2113 0
2114 0
2115 0
2116 0
2117 0
2118 0
2119 0
2120 2.26179e-05
2121 2.47408e-05
2122 2.58162e-05
2123 2.52567e-05
2124 2.26899e-05
2125 1.86504e-05
2126 1.46681e-05
2127 1.1869e-05
2128 9.58427e-06
2129 6.29911e-06
2130 4.50689e-06
2131 2.8615e-06
2132 1.91846e-06
2133 1.25738e-06
2134 0
2135 0
2136 0
2137 0
2138 0
2139 0
2140 1.73654e-05
2141 1.92019e-05
2142 2.0325e-05
2143 2.02758e-05
2144 1.86695e-05
2145 1.56838e-05
2146 1.23925e-05
2147 9.90087e-06
2148 8.14274e-06
2149 5.67701e-06
2150 3.81959e-06
2151 2.57393e-06
2152 1.72683e-06
2153 1.11238e-06
2154 0
2155 0
2156 0
2157 0
2158 0
2159 0
2160 1.12912e-05
2161 1.26215e-05
2162 1.35495e-05
2163 1.37784e-05
2164 1.30112e-05
2165 1.12156e-05
2166 8.9627e-06
2167 7.08586e-06
2168 5.83579e-06
2169 4.36366e-06
2170 2.79362e-06
2171 2.0172e-06
2172 1.29859e-06
2173 8.32963e-07
2174 0
2175 0
2176 0
2177 0
2178 0
2179 0
2180 4.29814e-06
2181 4.86166e-06
2182 5.29854e-06
2183 5.49916e-06
2184 5.33833e-06
2185 4.74979e-06
2186 3.87544e-06
2187 3.0488e-06
2188 2.48035e-06
2189 1.97396e-06
2190 1.27463e-06
2191 9.22782e-07
2192 5.76837e-07
2193 3.7714e-07
2194 2.4307e-07
2195 0
2196 0
2197 0
2198 0
2199 0
